20
1
2
3
4
5
6
7
8
9
10
11
12
13
14
15
16
17
18
19
20
0 172 123 14 42 32 2 94 28 132 21 102 126 155 124 38 28 62 24 13
172 0 47 166 22 103 144 58 132 89 191 15 147 36 174 115 94 57 128 39
123 47 0 78 62 157 3 36 101 177 169 164 56 112 36 172 76 120 90 68
14 166 78 0 165 121 50 137 148 120 61 45 197 5 135 109 6 19 101 21
42 22 62 165 0 188 58 7 76 118 118 72 110 82 84 180 135 94 34 83
32 103 157 121 188 0 131 181 109 79 19 103 17 146 75 151 190 89 85 77
2 144 3 50 58 131 0 155 36 33 193 28 157 178 62 115 30 124 185 172
94 58 36 137 7 181 155 0 68 154 148 164 168 196 159 136 98 126 68 161
28 132 101 148 76 109 36 68 0 107 168 75 169 86 154 160 189 30 106 132
132 89 177 120 118 79 33 154 107 0 120 58 167 110 1 49 23 75 29 92
21 191 169 61 118 19 193 148 168 120 0 123 21 103 64 178 31 151 19 38
102 15 164 45 72 103 28 164 75 58 123 0 44 71 190 14 29 167 177 70
126 147 56 197 110 17 157 168 169 167 21 44 0 2 193 32 92 45 46 13
155 36 112 5 82 146 178 196 86 110 103 71 2 0 164 109 149 80 108 64
124 174 36 135 84 75 62 159 154 1 64 190 193 164 0 67 36 52 191 164
38 115 172 109 180 151 115 136 160 49 178 14 32 109 67 0 6 60 139 166
28 94 76 6 135 190 30 98 189 23 31 29 92 149 36 6 0 177 181 145
62 57 120 19 94 89 124 126 30 75 151 167 45 80 52 60 177 0 104 69
24 128 90 101 34 85 185 68 106 29 19 177 46 108 191 139 181 104 0 129
13 39 68 21 83 77 172 161 132 92 38 70 13 64 164 166 145 69 129 0